#IFACE   rxpck/s   txpck/s    rxkB/s    txkB/s   rxcmp/s   txcmp/s  rxmcst/s   %ifutil
01:36:42 PM      eth2   1950.00      0.10    123.96      0.01      0.00      0.00      5.20      0.01
01:36:52 PM      eth1 306425.30  13034.70  43379.21  14771.30      0.00      0.00     22.10      3.55
01:36:52 PM      eth2 863549.20      0.00  53976.53      0.00      0.00      0.00     22.10      4.42
01:37:26 PM      eth1 304813.77   7970.02  24722.71   8722.67      0.00      0.00     14.32      2.03
01:37:26 PM      eth2 968373.45      0.03  60527.43      0.00      0.00      0.00     14.32      4.96
01:37:36 PM      eth1 466294.10   4256.60  48584.62   3456.58      0.00      0.00      9.10      3.98
01:37:36 PM      eth2 1478321.10      0.00  92397.30      0.00      0.00      0.00      9.10      7.57
01:37:46 PM      eth1 452077.00   2728.70  38706.64   2095.75      0.00      0.00      8.70      3.17
01:37:46 PM      eth2 1479088.30      0.10  92447.62      0.01      0.00      0.00      8.70      7.57
01:37:56 PM      eth1 422927.00   6806.80  38514.24   7313.54      0.00      0.00      9.20      3.16
01:37:56 PM      eth2 1420247.30      0.00  88767.66      0.00      0.00      0.00      9.20      7.27
01:38:06 PM      eth1 463010.20   5434.30  57214.19   2947.92      0.00      0.00      8.00      4.69
01:38:06 PM      eth2 1410575.50      0.00  88163.75      0.00      0.00      0.00      8.00      7.22
01:38:16 PM      eth1 452554.50   6777.00  41545.09   3105.27      0.00      0.00      9.30      3.40
01:38:16 PM      eth2 1417525.10      0.10  88598.73      0.01      0.00      0.00      9.30      7.26
01:38:26 PM      eth1 469296.50   7101.60  36255.24   3951.55      0.00      0.00      5.50      2.97
01:38:26 PM      eth2 1418196.60      0.00  88639.22      0.00      0.00      0.00      5.50      7.26
01:38:36 PM      eth1 389701.30    590.70  25008.01    121.47      0.00      0.00      7.90      2.05
01:38:36 PM      eth2 1224808.30      0.00  76552.61      0.00      0.00      0.00      7.90      6.27
01:38:46 PM      eth1    392.00    302.80     84.28     49.69      0.00      0.00     13.90      0.01
01:38:46 PM      eth2     91.70      0.10     10.42      0.01      0.00      0.00     13.90      0.00
